{
 "cells": [
  {
   "cell_type": "code",
   "execution_count": 394,
   "metadata": {},
   "outputs": [],
   "source": [
    "\n",
    "%matplotlib inline\n",
    "from copy import deepcopy\n",
    "import numpy as np\n",
    "from mpl_toolkits.mplot3d import Axes3D\n",
    "import pandas as pd\n",
    "from matplotlib import pyplot as plt\n",
    "plt.rcParams['figure.figsize'] = (16, 9)\n",
    "plt.style.use('ggplot')\n",
    "%matplotlib inline\n",
    "from copy import deepcopy\n",
    "import numpy as np\n",
    "from mpl_toolkits.mplot3d import Axes3D\n",
    "import pandas as pd\n",
    "from matplotlib import pyplot as plt\n",
    "plt.rcParams['figure.figsize'] = (16, 9)\n",
    "plt.style.use('ggplot')\n",
    "from random import *\n",
    "\n",
    "import math\n",
    "# Importing the dataset\n",
    "\n",
    "#http://eneskemalergin.github.io/blog//blog/Fuzzy_Clustering/\n",
    "\n"
   ]
  },
  {
   "cell_type": "code",
   "execution_count": 395,
   "metadata": {},
   "outputs": [
    {
     "name": "stdout",
     "output_type": "stream",
     "text": [
      "(115, 4)\n",
      "(115, 4)\n"
     ]
    }
   ],
   "source": [
    "file = pd.read_csv('BSOM_DataSet_reorganized.csv')\n",
    "data=file[['all_NBME_avg_n4', 'all_PIs_avg_n131', 'HD_final','all_irats_avg_n34']]\n",
    "\n",
    "X=np.array(data)\n",
    "print(data.shape)\n",
    "data.head()\n",
    "\n",
    "print(X.shape)\n",
    "\n"
   ]
  },
  {
   "cell_type": "code",
   "execution_count": 396,
   "metadata": {},
   "outputs": [
    {
     "name": "stdout",
     "output_type": "stream",
     "text": [
      "115\n"
     ]
    }
   ],
   "source": [
    "# Number of Clusters\n",
    "clusters = 3\n",
    "\n",
    "\n",
    "# Number of data points\n",
    "n = len(data)\n",
    "print(n)\n",
    "\n",
    "\n",
    "# Fuzzy parameter\n",
    "fuzzifier = 2.00\n"
   ]
  },
  {
   "cell_type": "code",
   "execution_count": 397,
   "metadata": {},
   "outputs": [
    {
     "name": "stdout",
     "output_type": "stream",
     "text": [
      "(array([0.47225169, 0.88245672, 0.62196937, 0.78919209]), array([0.80296959, 0.92643799, 0.74721508, 0.80208172]), array([0.81727315, 0.73687708, 0.79501208, 0.82195878]))\n"
     ]
    }
   ],
   "source": [
    "\n",
    "# random centroids generation\n",
    "C0 = np.random.uniform(0.4,1.0,size=4)\n",
    "C1 = np.random.uniform(0.6,1.0,size=4)\n",
    "C2 = np.random.uniform(0.7,1.0,size=4)\n",
    "\n",
    "Centroids=C0,C1,C2\n",
    "#Centroids = np.array(list(zip(C0,C1,C2)))\n",
    "print(Centroids)\n",
    "\n"
   ]
  },
  {
   "cell_type": "code",
   "execution_count": 398,
   "metadata": {},
   "outputs": [],
   "source": [
    "def euc_dist(a, b, ax=1):\n",
    "    return np.linalg.norm(a - b, axis=ax)"
   ]
  },
  {
   "cell_type": "code",
   "execution_count": 399,
   "metadata": {},
   "outputs": [],
   "source": [
    "# Euclidean Distance Caculator\n",
    "\n",
    "def dist(a,b):\n",
    "        sum = 0\n",
    "        for m in range(len(a)):\n",
    "            for n in range(len(b)):\n",
    "\n",
    "                sum  += ((a[m][n] - b[m][n]))**2\n",
    "\n",
    "        ed = math.sqrt(sum)\n",
    "        return ed"
   ]
  },
  {
   "cell_type": "code",
   "execution_count": 400,
   "metadata": {},
   "outputs": [
    {
     "name": "stdout",
     "output_type": "stream",
     "text": [
      "weights_df                            0                       1                      2\n",
      "0      [0.08973977309254524]    [0.2693200449211868]   [0.6409401819862679]\n",
      "1     [0.015052150352823644]   [0.06227598974882618]   [0.9226718598983501]\n",
      "2      [0.04729295992748605]    [0.2930516947878356]   [0.6596553452846784]\n",
      "3      [0.08644217959918744]   [0.45604369084585467]   [0.4575141295549578]\n",
      "4      [0.03895966648574284]   [0.35913645604131955]   [0.6019038774729376]\n",
      "5      [0.03455313360399475]   [0.13931911896082166]   [0.8261277474351836]\n",
      "6      [0.18478443167235714]    [0.2511642927471795]   [0.5640512755804633]\n",
      "7      [0.05003087924711031]    [0.1853546057367364]   [0.7646145150161533]\n",
      "8      [0.09943659885244678]   [0.19937567393566877]   [0.7011877272118845]\n",
      "9       [0.0672140778856439]   [0.31175491115290455]   [0.6210310109614515]\n",
      "10     [0.04396999795559082]   [0.44584256536049954]   [0.5101874366839096]\n",
      "11   [0.0013248816112259028]  [0.005777172413413995]   [0.9928979459753601]\n",
      "12     [0.08374411839069883]    [0.4009406371724558]   [0.5153152444368454]\n",
      "13     [0.03101133902453926]   [0.16565711968305466]    [0.803331541292406]\n",
      "14      [0.0847079900560817]    [0.4232038772048131]  [0.49208813273910523]\n",
      "15    [0.027721888824254408]   [0.08815411410798345]   [0.8841239970677621]\n",
      "16    [0.021366654360060147]   [0.13236630799526983]     [0.84626703764467]\n",
      "17     [0.03547054804518513]    [0.3383345996235406]   [0.6261948523312743]\n",
      "18     [0.12729923391380854]   [0.29357337039629766]   [0.5791273956898938]\n",
      "19     [0.05399230867047911]   [0.27323317860658625]   [0.6727745127229346]\n",
      "20     [0.05766724254359192]   [0.29642473579070006]   [0.6459080216657082]\n",
      "21      [0.3811596025583526]   [0.25663053982674294]  [0.36220985761490443]\n",
      "22     [0.07672193184827839]   [0.41263356402791856]   [0.5106445041238031]\n",
      "23     [0.06287809336306208]   [0.33393476273324973]   [0.6031871439036882]\n",
      "24     [0.08887730405359547]   [0.43792993611293596]  [0.47319275983346865]\n",
      "25    [0.034102420369973845]   [0.40188640639092293]   [0.5640111732391032]\n",
      "26     [0.10427456933481379]   [0.44506619911312667]   [0.4506592315520596]\n",
      "27     [0.07366067257128799]   [0.46386288382835145]   [0.4624764436003606]\n",
      "28     [0.10430004485975782]   [0.46536557262531125]    [0.430334382514931]\n",
      "29     [0.24254019331609752]   [0.27706381128759366]  [0.48039599539630884]\n",
      "..                       ...                     ...                    ...\n",
      "85     [0.03991038052970851]   [0.23001297419176492]   [0.7300766452785266]\n",
      "86    [0.059926339395560205]    [0.2862793881139685]   [0.6537942724904713]\n",
      "87     [0.04479945855842256]   [0.21974927662159982]   [0.7354512648199777]\n",
      "88     [0.04097631453712234]    [0.1657432282542547]    [0.793280457208623]\n",
      "89     [0.21521935039244758]    [0.2874093934383744]  [0.49737125616917793]\n",
      "90      [0.0658883393223178]   [0.40523000115071706]   [0.5288816595269651]\n",
      "91    [0.009203845119703414]  [0.055795027265473696]    [0.935001127614823]\n",
      "92     [0.05282745981638835]   [0.28789258357225467]    [0.659279956611357]\n",
      "93    [0.057726564905959704]    [0.4122545565330216]   [0.5300188785610187]\n",
      "94     [0.07923488039582653]    [0.4263376345557681]   [0.4944274850484053]\n",
      "95    [0.028255299356740638]   [0.13730251802629903]   [0.8344421826169603]\n",
      "96      [0.2239998275561586]    [0.2506526959849583]   [0.5253474764588831]\n",
      "97     [0.10177619146023813]    [0.4382276170266957]   [0.4599961915130662]\n",
      "98     [0.06259776969386367]     [0.309542209121328]   [0.6278600211848083]\n",
      "99     [0.18295306700270442]    [0.2766019986453811]   [0.5404449343519145]\n",
      "100    [0.08141816749664411]   [0.40872308488653963]   [0.5098587476168163]\n",
      "101   [0.026845763284017072]   [0.25088214703618683]   [0.7222720896797962]\n",
      "102    [0.05987319463756995]    [0.4282479197594008]   [0.5118788856030294]\n",
      "103    [0.05394252535477826]   [0.40975587474673897]   [0.5363015998984829]\n",
      "104    [0.08595571524777172]    [0.3951747850277336]   [0.5188694997244947]\n",
      "105   [0.043630533838245424]   [0.18728331420711375]   [0.7690861519546409]\n",
      "106   [0.005372806343425641]   [0.02449460190424345]   [0.9701325917523309]\n",
      "107    [0.05596308548434622]   [0.31128748301517994]   [0.6327494315004739]\n",
      "108    [0.10695438141605729]   [0.22179015595539966]   [0.6712554626285431]\n",
      "109   [0.032203004732062605]   [0.15720351759408777]   [0.8105934776738496]\n",
      "110     [0.2115288893942647]    [0.2458347118971251]   [0.5426363987086102]\n",
      "111    [0.04916012164540303]   [0.19981021079712002]    [0.751029667557477]\n",
      "112     [0.0719497786116119]    [0.3448984001240695]   [0.5831518212643185]\n",
      "113    [0.09255594079189677]   [0.22645103228974908]   [0.6809930269183542]\n",
      "114    [0.04381428250075989]    [0.4342045118835319]   [0.5219812056157083]\n",
      "\n",
      "[115 rows x 3 columns]\n",
      "productSum_df_c0 [0.12406277 0.12179008 0.11938794 0.12406277]\n",
      "productSum_df_c0 [0.29264222 0.28728135 0.28161512 0.29264222]\n",
      "productSum_df_c0 [0.582828   0.57215126 0.56086636 0.582828  ]\n",
      "weights_df                            0                       1                      2\n",
      "0      [0.08973977309254524]    [0.2693200449211868]   [0.6409401819862679]\n",
      "1     [0.015052150352823644]   [0.06227598974882618]   [0.9226718598983501]\n",
      "2      [0.04729295992748605]    [0.2930516947878356]   [0.6596553452846784]\n",
      "3      [0.08644217959918744]   [0.45604369084585467]   [0.4575141295549578]\n",
      "4      [0.03895966648574284]   [0.35913645604131955]   [0.6019038774729376]\n",
      "5      [0.03455313360399475]   [0.13931911896082166]   [0.8261277474351836]\n",
      "6      [0.18478443167235714]    [0.2511642927471795]   [0.5640512755804633]\n",
      "7      [0.05003087924711031]    [0.1853546057367364]   [0.7646145150161533]\n",
      "8      [0.09943659885244678]   [0.19937567393566877]   [0.7011877272118845]\n",
      "9       [0.0672140778856439]   [0.31175491115290455]   [0.6210310109614515]\n",
      "10     [0.04396999795559082]   [0.44584256536049954]   [0.5101874366839096]\n",
      "11   [0.0013248816112259028]  [0.005777172413413995]   [0.9928979459753601]\n",
      "12     [0.08374411839069883]    [0.4009406371724558]   [0.5153152444368454]\n",
      "13     [0.03101133902453926]   [0.16565711968305466]    [0.803331541292406]\n",
      "14      [0.0847079900560817]    [0.4232038772048131]  [0.49208813273910523]\n",
      "15    [0.027721888824254408]   [0.08815411410798345]   [0.8841239970677621]\n",
      "16    [0.021366654360060147]   [0.13236630799526983]     [0.84626703764467]\n",
      "17     [0.03547054804518513]    [0.3383345996235406]   [0.6261948523312743]\n",
      "18     [0.12729923391380854]   [0.29357337039629766]   [0.5791273956898938]\n",
      "19     [0.05399230867047911]   [0.27323317860658625]   [0.6727745127229346]\n",
      "20     [0.05766724254359192]   [0.29642473579070006]   [0.6459080216657082]\n",
      "21      [0.3811596025583526]   [0.25663053982674294]  [0.36220985761490443]\n",
      "22     [0.07672193184827839]   [0.41263356402791856]   [0.5106445041238031]\n",
      "23     [0.06287809336306208]   [0.33393476273324973]   [0.6031871439036882]\n",
      "24     [0.08887730405359547]   [0.43792993611293596]  [0.47319275983346865]\n",
      "25    [0.034102420369973845]   [0.40188640639092293]   [0.5640111732391032]\n",
      "26     [0.10427456933481379]   [0.44506619911312667]   [0.4506592315520596]\n",
      "27     [0.07366067257128799]   [0.46386288382835145]   [0.4624764436003606]\n",
      "28     [0.10430004485975782]   [0.46536557262531125]    [0.430334382514931]\n",
      "29     [0.24254019331609752]   [0.27706381128759366]  [0.48039599539630884]\n",
      "..                       ...                     ...                    ...\n",
      "200    [0.03991038052970851]   [0.23001297419176492]   [0.7300766452785266]\n",
      "201   [0.059926339395560205]    [0.2862793881139685]   [0.6537942724904713]\n",
      "202    [0.04479945855842256]   [0.21974927662159982]   [0.7354512648199777]\n",
      "203    [0.04097631453712234]    [0.1657432282542547]    [0.793280457208623]\n",
      "204    [0.21521935039244758]    [0.2874093934383744]  [0.49737125616917793]\n",
      "205     [0.0658883393223178]   [0.40523000115071706]   [0.5288816595269651]\n",
      "206   [0.009203845119703414]  [0.055795027265473696]    [0.935001127614823]\n",
      "207    [0.05282745981638835]   [0.28789258357225467]    [0.659279956611357]\n",
      "208   [0.057726564905959704]    [0.4122545565330216]   [0.5300188785610187]\n",
      "209    [0.07923488039582653]    [0.4263376345557681]   [0.4944274850484053]\n",
      "210   [0.028255299356740638]   [0.13730251802629903]   [0.8344421826169603]\n",
      "211     [0.2239998275561586]    [0.2506526959849583]   [0.5253474764588831]\n",
      "212    [0.10177619146023813]    [0.4382276170266957]   [0.4599961915130662]\n",
      "213    [0.06259776969386367]     [0.309542209121328]   [0.6278600211848083]\n",
      "214    [0.18295306700270442]    [0.2766019986453811]   [0.5404449343519145]\n",
      "215    [0.08141816749664411]   [0.40872308488653963]   [0.5098587476168163]\n",
      "216   [0.026845763284017072]   [0.25088214703618683]   [0.7222720896797962]\n",
      "217    [0.05987319463756995]    [0.4282479197594008]   [0.5118788856030294]\n",
      "218    [0.05394252535477826]   [0.40975587474673897]   [0.5363015998984829]\n",
      "219    [0.08595571524777172]    [0.3951747850277336]   [0.5188694997244947]\n",
      "220   [0.043630533838245424]   [0.18728331420711375]   [0.7690861519546409]\n",
      "221   [0.005372806343425641]   [0.02449460190424345]   [0.9701325917523309]\n",
      "222    [0.05596308548434622]   [0.31128748301517994]   [0.6327494315004739]\n",
      "223    [0.10695438141605729]   [0.22179015595539966]   [0.6712554626285431]\n",
      "224   [0.032203004732062605]   [0.15720351759408777]   [0.8105934776738496]\n",
      "225     [0.2115288893942647]    [0.2458347118971251]   [0.5426363987086102]\n",
      "226    [0.04916012164540303]   [0.19981021079712002]    [0.751029667557477]\n",
      "227     [0.0719497786116119]    [0.3448984001240695]   [0.5831518212643185]\n",
      "228    [0.09255594079189677]   [0.22645103228974908]   [0.6809930269183542]\n",
      "229    [0.04381428250075989]    [0.4342045118835319]   [0.5219812056157083]\n",
      "\n",
      "[230 rows x 3 columns]\n",
      "productSum_df_c0 [0.12406277 0.12179008 0.11938794 0.12406277]\n"
     ]
    },
    {
     "name": "stdout",
     "output_type": "stream",
     "text": [
      "productSum_df_c0 [0.29264222 0.28728135 0.28161512 0.29264222]\n",
      "productSum_df_c0 [0.582828   0.57215126 0.56086636 0.582828  ]\n",
      "[array([0.12406277, 0.12179008, 0.11938794, 0.12406277]), array([0.29264222, 0.28728135, 0.28161512, 0.29264222]), array([0.582828  , 0.57215126, 0.56086636, 0.582828  ])]\n",
      "4.3709524189038457e-16\n"
     ]
    }
   ],
   "source": [
    "total_weights=[]\n",
    "c_updated=[]\n",
    "error = 10\n",
    "c_old = Centroids\n",
    "\n",
    "while (error > 0.3):\n",
    "    \n",
    "    for i in range(n):\n",
    "        weights=[]# weights of points for all the clusters \n",
    "        for w in range(3):\n",
    "            w0=(euc_dist(X[[i]],Centroids[w])/euc_dist(X[[i]],Centroids[0]))**fuzzifier\n",
    "            #print('w0',w0)\n",
    "\n",
    "            w1=(euc_dist(X[[i]],Centroids[w])/euc_dist(X[[i]],Centroids[1]))**fuzzifier\n",
    "            #print('w1',w1)\n",
    "            w2=(euc_dist(X[[i]],Centroids[w])/euc_dist(X[[i]],Centroids[2]))**fuzzifier\n",
    "            #w3=(dist(X[[i]],Centroids[[w]])/dist(X[[i]],Centroids[[3]]))**fuzzifier\n",
    "            #print('w2',w2)\n",
    "            sum_val=w0+w1+w2\n",
    "                #print('sum_val',sum_val)\n",
    "\n",
    "                #print('sqr_sum',sqr_sum)\n",
    "            finl_weights=1/sum_val\n",
    "                #print('finl_weights',finl_weights)\n",
    "            #total_weights.append(finl_weights)\n",
    "            weights.append(finl_weights)\n",
    "        total_weights.append(weights)\n",
    "    #weights1_df=pd.DataFrame(total_weights)\n",
    "        \n",
    "        #print('total_weights',total_weights)\n",
    "\n",
    "    weights_df=pd.DataFrame(total_weights)\n",
    "    print('weights_df',weights_df)\n",
    "\n",
    "    \n",
    "\n",
    "    #weights_df[0] = weights_df[0].str.get(0)\n",
    "    #weights_df[1] = weights_df[1].str.get(0)\n",
    "    #weights_df[2] = weights_df[2].str.get(0)\n",
    "\n",
    "\n",
    "    for l in range(clusters):\n",
    "        for v in range(n):# n = num of data points\n",
    "            product_c0=np.array(weights_df[[l]])*np.array(weights_df[[l]])*X[v]\n",
    "        product_c0_df=pd.DataFrame(product_c0)\n",
    "        #print('product_c0_df',product_c0_df)\n",
    "        productSum_df_c0=np.array(product_c0_df.sum(axis = 0))/np.sum(weights_df[l])\n",
    "        print('productSum_df_c0',productSum_df_c0)\n",
    "        #c_updated.append(productSum_df_c0)\n",
    "        if l==0:\n",
    "            c0=productSum_df_c0\n",
    "        if l==1:\n",
    "            c1=productSum_df_c0\n",
    "        if l==2:\n",
    "            c2=productSum_df_c0\n",
    "    c_updated =[c0,c1,c2] \n",
    "    #np.array(list(zip(c0,c1,c2)))\n",
    "    \n",
    "    \n",
    "    error = dist(c_old,c_updated)\n",
    "    c_old = c_updated\n",
    "    \n",
    "   \n",
    "    \n",
    "    \n",
    "\n",
    "\n",
    "\n",
    "print(c_old)\n",
    "\n",
    "print(error)\n"
   ]
  },
  {
   "cell_type": "code",
   "execution_count": 401,
   "metadata": {},
   "outputs": [
    {
     "name": "stdout",
     "output_type": "stream",
     "text": [
      "0      2\n",
      "1      2\n",
      "2      2\n",
      "3      2\n",
      "4      2\n",
      "5      2\n",
      "6      2\n",
      "7      2\n",
      "8      2\n",
      "9      2\n",
      "10     2\n",
      "11     2\n",
      "12     2\n",
      "13     2\n",
      "14     2\n",
      "15     2\n",
      "16     2\n",
      "17     2\n",
      "18     2\n",
      "19     2\n",
      "20     2\n",
      "21     0\n",
      "22     2\n",
      "23     2\n",
      "24     2\n",
      "25     2\n",
      "26     2\n",
      "27     1\n",
      "28     1\n",
      "29     2\n",
      "      ..\n",
      "200    2\n",
      "201    2\n",
      "202    2\n",
      "203    2\n",
      "204    2\n",
      "205    2\n",
      "206    2\n",
      "207    2\n",
      "208    2\n",
      "209    2\n",
      "210    2\n",
      "211    2\n",
      "212    2\n",
      "213    2\n",
      "214    2\n",
      "215    2\n",
      "216    2\n",
      "217    2\n",
      "218    2\n",
      "219    2\n",
      "220    2\n",
      "221    2\n",
      "222    2\n",
      "223    2\n",
      "224    2\n",
      "225    2\n",
      "226    2\n",
      "227    2\n",
      "228    2\n",
      "229    2\n",
      "Name: Labels, Length: 230, dtype: int64\n",
      "                           0                       1                      2  \\\n",
      "0      [0.08973977309254524]    [0.2693200449211868]   [0.6409401819862679]   \n",
      "1     [0.015052150352823644]   [0.06227598974882618]   [0.9226718598983501]   \n",
      "2      [0.04729295992748605]    [0.2930516947878356]   [0.6596553452846784]   \n",
      "3      [0.08644217959918744]   [0.45604369084585467]   [0.4575141295549578]   \n",
      "4      [0.03895966648574284]   [0.35913645604131955]   [0.6019038774729376]   \n",
      "5      [0.03455313360399475]   [0.13931911896082166]   [0.8261277474351836]   \n",
      "6      [0.18478443167235714]    [0.2511642927471795]   [0.5640512755804633]   \n",
      "7      [0.05003087924711031]    [0.1853546057367364]   [0.7646145150161533]   \n",
      "8      [0.09943659885244678]   [0.19937567393566877]   [0.7011877272118845]   \n",
      "9       [0.0672140778856439]   [0.31175491115290455]   [0.6210310109614515]   \n",
      "10     [0.04396999795559082]   [0.44584256536049954]   [0.5101874366839096]   \n",
      "11   [0.0013248816112259028]  [0.005777172413413995]   [0.9928979459753601]   \n",
      "12     [0.08374411839069883]    [0.4009406371724558]   [0.5153152444368454]   \n",
      "13     [0.03101133902453926]   [0.16565711968305466]    [0.803331541292406]   \n",
      "14      [0.0847079900560817]    [0.4232038772048131]  [0.49208813273910523]   \n",
      "15    [0.027721888824254408]   [0.08815411410798345]   [0.8841239970677621]   \n",
      "16    [0.021366654360060147]   [0.13236630799526983]     [0.84626703764467]   \n",
      "17     [0.03547054804518513]    [0.3383345996235406]   [0.6261948523312743]   \n",
      "18     [0.12729923391380854]   [0.29357337039629766]   [0.5791273956898938]   \n",
      "19     [0.05399230867047911]   [0.27323317860658625]   [0.6727745127229346]   \n",
      "20     [0.05766724254359192]   [0.29642473579070006]   [0.6459080216657082]   \n",
      "21      [0.3811596025583526]   [0.25663053982674294]  [0.36220985761490443]   \n",
      "22     [0.07672193184827839]   [0.41263356402791856]   [0.5106445041238031]   \n",
      "23     [0.06287809336306208]   [0.33393476273324973]   [0.6031871439036882]   \n",
      "24     [0.08887730405359547]   [0.43792993611293596]  [0.47319275983346865]   \n",
      "25    [0.034102420369973845]   [0.40188640639092293]   [0.5640111732391032]   \n",
      "26     [0.10427456933481379]   [0.44506619911312667]   [0.4506592315520596]   \n",
      "27     [0.07366067257128799]   [0.46386288382835145]   [0.4624764436003606]   \n",
      "28     [0.10430004485975782]   [0.46536557262531125]    [0.430334382514931]   \n",
      "29     [0.24254019331609752]   [0.27706381128759366]  [0.48039599539630884]   \n",
      "..                       ...                     ...                    ...   \n",
      "200    [0.03991038052970851]   [0.23001297419176492]   [0.7300766452785266]   \n",
      "201   [0.059926339395560205]    [0.2862793881139685]   [0.6537942724904713]   \n",
      "202    [0.04479945855842256]   [0.21974927662159982]   [0.7354512648199777]   \n",
      "203    [0.04097631453712234]    [0.1657432282542547]    [0.793280457208623]   \n",
      "204    [0.21521935039244758]    [0.2874093934383744]  [0.49737125616917793]   \n",
      "205     [0.0658883393223178]   [0.40523000115071706]   [0.5288816595269651]   \n",
      "206   [0.009203845119703414]  [0.055795027265473696]    [0.935001127614823]   \n",
      "207    [0.05282745981638835]   [0.28789258357225467]    [0.659279956611357]   \n",
      "208   [0.057726564905959704]    [0.4122545565330216]   [0.5300188785610187]   \n",
      "209    [0.07923488039582653]    [0.4263376345557681]   [0.4944274850484053]   \n",
      "210   [0.028255299356740638]   [0.13730251802629903]   [0.8344421826169603]   \n",
      "211     [0.2239998275561586]    [0.2506526959849583]   [0.5253474764588831]   \n",
      "212    [0.10177619146023813]    [0.4382276170266957]   [0.4599961915130662]   \n",
      "213    [0.06259776969386367]     [0.309542209121328]   [0.6278600211848083]   \n",
      "214    [0.18295306700270442]    [0.2766019986453811]   [0.5404449343519145]   \n",
      "215    [0.08141816749664411]   [0.40872308488653963]   [0.5098587476168163]   \n",
      "216   [0.026845763284017072]   [0.25088214703618683]   [0.7222720896797962]   \n",
      "217    [0.05987319463756995]    [0.4282479197594008]   [0.5118788856030294]   \n",
      "218    [0.05394252535477826]   [0.40975587474673897]   [0.5363015998984829]   \n",
      "219    [0.08595571524777172]    [0.3951747850277336]   [0.5188694997244947]   \n",
      "220   [0.043630533838245424]   [0.18728331420711375]   [0.7690861519546409]   \n",
      "221   [0.005372806343425641]   [0.02449460190424345]   [0.9701325917523309]   \n",
      "222    [0.05596308548434622]   [0.31128748301517994]   [0.6327494315004739]   \n",
      "223    [0.10695438141605729]   [0.22179015595539966]   [0.6712554626285431]   \n",
      "224   [0.032203004732062605]   [0.15720351759408777]   [0.8105934776738496]   \n",
      "225     [0.2115288893942647]    [0.2458347118971251]   [0.5426363987086102]   \n",
      "226    [0.04916012164540303]   [0.19981021079712002]    [0.751029667557477]   \n",
      "227     [0.0719497786116119]    [0.3448984001240695]   [0.5831518212643185]   \n",
      "228    [0.09255594079189677]   [0.22645103228974908]   [0.6809930269183542]   \n",
      "229    [0.04381428250075989]    [0.4342045118835319]   [0.5219812056157083]   \n",
      "\n",
      "     Labels  \n",
      "0         2  \n",
      "1         2  \n",
      "2         2  \n",
      "3         2  \n",
      "4         2  \n",
      "5         2  \n",
      "6         2  \n",
      "7         2  \n",
      "8         2  \n",
      "9         2  \n",
      "10        2  \n",
      "11        2  \n",
      "12        2  \n",
      "13        2  \n",
      "14        2  \n",
      "15        2  \n",
      "16        2  \n",
      "17        2  \n",
      "18        2  \n",
      "19        2  \n",
      "20        2  \n",
      "21        0  \n",
      "22        2  \n",
      "23        2  \n",
      "24        2  \n",
      "25        2  \n",
      "26        2  \n",
      "27        1  \n",
      "28        1  \n",
      "29        2  \n",
      "..      ...  \n",
      "200       2  \n",
      "201       2  \n",
      "202       2  \n",
      "203       2  \n",
      "204       2  \n",
      "205       2  \n",
      "206       2  \n",
      "207       2  \n",
      "208       2  \n",
      "209       2  \n",
      "210       2  \n",
      "211       2  \n",
      "212       2  \n",
      "213       2  \n",
      "214       2  \n",
      "215       2  \n",
      "216       2  \n",
      "217       2  \n",
      "218       2  \n",
      "219       2  \n",
      "220       2  \n",
      "221       2  \n",
      "222       2  \n",
      "223       2  \n",
      "224       2  \n",
      "225       2  \n",
      "226       2  \n",
      "227       2  \n",
      "228       2  \n",
      "229       2  \n",
      "\n",
      "[230 rows x 4 columns]\n"
     ]
    }
   ],
   "source": [
    "clust_labels=[]\n",
    "for i in range(len(weights_df)):\n",
    "    labels_val= np.argmax(np.array(weights_df.iloc[i,:]))\n",
    "    clust_labels.append(labels_val)\n",
    "weights_df['Labels']=clust_labels  \n",
    "\n",
    "print(weights_df['Labels'])\n",
    "\n",
    "print(weights_df)\n"
   ]
  },
  {
   "cell_type": "code",
   "execution_count": 402,
   "metadata": {},
   "outputs": [
    {
     "name": "stdout",
     "output_type": "stream",
     "text": [
      "points_list0 [array([0.615, 0.635, 0.64 , 0.615]), array([0.63 , 0.622, 0.58 , 0.63 ])]\n",
      "2\n",
      "9\n",
      "104\n"
     ]
    }
   ],
   "source": [
    "#print(weights_df)\n",
    "points_list0=[]\n",
    "points_list1=[]\n",
    "points_list2=[]\n",
    "\n",
    "for i in range(len(weights_df[:-115])):\n",
    "    if (weights_df.iloc[i,-1]==0):\n",
    "        points_list0.append(X[i])\n",
    "    if (weights_df.iloc[i,-1]==1):\n",
    "        points_list1.append(X[i])\n",
    "    if (weights_df.iloc[i,-1]==2):\n",
    "        points_list2.append(X[i])\n",
    "\n",
    "print('points_list0',points_list0)\n",
    "print(len(points_list0))\n",
    "print(len(points_list1))\n",
    "print(len(points_list2))\n",
    "#print('points_list1',points_list1)\n",
    "#print('points_list2',points_list2)\n"
   ]
  },
  {
   "cell_type": "code",
   "execution_count": 403,
   "metadata": {},
   "outputs": [
    {
     "name": "stdout",
     "output_type": "stream",
     "text": [
      "points_list1 [array([0.86  , 0.8783, 0.92  , 0.86  ]), array([0.9275, 0.9167, 0.96  , 0.9275]), array([0.92  , 0.9017, 0.97  , 0.92  ]), array([0.905 , 0.9183, 0.95  , 0.905 ]), array([0.8825, 0.8967, 0.95  , 0.8825]), array([0.8675, 0.87  , 0.88  , 0.8675]), array([0.905, 0.88 , 0.88 , 0.905]), array([0.9075, 0.8783, 0.87  , 0.9075]), array([0.915, 0.895, 0.94 , 0.915])]\n",
      "------------------------\n",
      "points_list2 [array([0.77  , 0.7617, 0.95  , 0.77  ]), array([0.8   , 0.7433, 0.84  , 0.8   ]), array([0.8125, 0.815 , 0.88  , 0.8125]), array([0.925 , 0.8867, 0.91  , 0.925 ]), array([0.855 , 0.8317, 0.83  , 0.855 ]), array([0.775 , 0.7583, 0.84  , 0.775 ]), array([0.715 , 0.6717, 0.69  , 0.715 ]), array([0.7925, 0.755 , 0.9   , 0.7925]), array([0.74 , 0.695, 0.74 , 0.74 ]), array([0.875 , 0.8067, 0.93  , 0.875 ]), array([0.8525, 0.85  , 0.84  , 0.8525]), array([0.81  , 0.7383, 0.8   , 0.81  ]), array([0.8875, 0.855 , 0.95  , 0.8875]), array([0.79  , 0.7717, 0.75  , 0.79  ]), array([0.88  , 0.8683, 0.95  , 0.88  ]), array([0.7775, 0.7183, 0.83  , 0.7775]), array([0.795, 0.785, 0.81 , 0.795]), array([0.84  , 0.8283, 0.83  , 0.84  ]), array([0.74 , 0.745, 0.7  , 0.74 ]), array([0.8375, 0.8017, 0.91  , 0.8375]), array([0.8175, 0.81  , 0.91  , 0.8175]), array([0.81  , 0.8517, 0.93  , 0.81  ]), array([0.8475, 0.8233, 0.92  , 0.8475]), array([0.895, 0.88 , 0.95 , 0.895]), array([0.8475, 0.8317, 0.79  , 0.8475]), array([0.9125, 0.9   , 0.98  , 0.9125]), array([0.7125, 0.6733, 0.63  , 0.7125]), array([0.77, 0.75, 0.85, 0.77]), array([0.74  , 0.6617, 0.73  , 0.74  ]), array([0.84  , 0.8583, 0.92  , 0.84  ]), array([0.745, 0.765, 0.8  , 0.745]), array([0.86  , 0.8817, 0.99  , 0.86  ]), array([0.8375, 0.8167, 0.86  , 0.8375]), array([0.77  , 0.7533, 0.77  , 0.77  ]), array([0.86 , 0.815, 0.81 , 0.86 ]), array([0.765 , 0.8033, 0.87  , 0.765 ]), array([0.83  , 0.7217, 0.79  , 0.83  ]), array([0.9225, 0.8533, 0.86  , 0.9225]), array([0.7 , 0.69, 0.54, 0.7 ]), array([0.8075, 0.77  , 0.8   , 0.8075]), array([0.805, 0.775, 0.87 , 0.805]), array([0.71  , 0.7117, 0.68  , 0.71  ]), array([0.8   , 0.8067, 0.83  , 0.8   ]), array([0.71  , 0.6667, 0.74  , 0.71  ]), array([0.7875, 0.7383, 0.82  , 0.7875]), array([0.8475, 0.8183, 0.83  , 0.8475]), array([0.7075, 0.67  , 0.67  , 0.7075]), array([0.815, 0.745, 0.69 , 0.815]), array([0.7475, 0.7167, 0.77  , 0.7475]), array([0.67 , 0.655, 0.72 , 0.67 ]), array([0.8075, 0.8217, 0.9   , 0.8075]), array([0.8725, 0.8567, 0.86  , 0.8725]), array([0.8075, 0.735 , 0.8   , 0.8075]), array([0.7625, 0.75  , 0.74  , 0.7625]), array([0.8925, 0.87  , 0.97  , 0.8925]), array([0.6825, 0.6883, 0.7   , 0.6825]), array([0.7425, 0.7467, 0.78  , 0.7425]), array([0.8425, 0.8467, 0.92  , 0.8425]), array([0.8275, 0.725 , 0.79  , 0.8275]), array([0.78  , 0.6783, 0.74  , 0.78  ]), array([0.7175, 0.7483, 0.76  , 0.7175]), array([0.9025, 0.825 , 0.78  , 0.9025]), array([0.86  , 0.8233, 0.79  , 0.86  ]), array([0.8725, 0.8533, 0.84  , 0.8725]), array([0.9  , 0.865, 0.9  , 0.9  ]), array([0.8175, 0.795 , 0.84  , 0.8175]), array([0.7475, 0.7383, 0.82  , 0.7475]), array([0.8525, 0.81  , 0.8   , 0.8525]), array([0.7725, 0.71  , 0.81  , 0.7725]), array([0.88 , 0.825, 0.85 , 0.88 ]), array([0.84  , 0.8117, 0.83  , 0.84  ]), array([0.795 , 0.7683, 0.85  , 0.795 ]), array([0.7875, 0.82  , 0.89  , 0.7875]), array([0.77  , 0.7733, 0.9   , 0.77  ]), array([0.86 , 0.795, 0.87 , 0.86 ]), array([0.8225, 0.8033, 0.92  , 0.8225]), array([0.7875, 0.7883, 0.87  , 0.7875]), array([0.7775, 0.7633, 0.86  , 0.7775]), array([0.7475, 0.6767, 0.6   , 0.7475]), array([0.8625, 0.8517, 0.91  , 0.8625]), array([0.8375, 0.77  , 0.8   , 0.8375]), array([0.82, 0.81, 0.9 , 0.82]), array([0.88  , 0.8133, 0.71  , 0.88  ]), array([0.8275, 0.8617, 0.94  , 0.8275]), array([0.8025, 0.7717, 0.86  , 0.8025]), array([0.69  , 0.6433, 0.7   , 0.69  ]), array([0.905 , 0.8917, 0.98  , 0.905 ]), array([0.8675, 0.81  , 0.92  , 0.8675]), array([0.72  , 0.7067, 0.68  , 0.72  ]), array([0.8625, 0.8583, 0.95  , 0.8625]), array([0.8225, 0.8133, 0.81  , 0.8225]), array([0.86  , 0.8567, 0.89  , 0.86  ]), array([0.8675, 0.8483, 0.87  , 0.8675]), array([0.915, 0.85 , 0.94 , 0.915]), array([0.79  , 0.7717, 0.88  , 0.79  ]), array([0.81  , 0.7433, 0.77  , 0.81  ]), array([0.8125, 0.8167, 0.9   , 0.8125]), array([0.7425, 0.7083, 0.72  , 0.7425]), array([0.8075, 0.775 , 0.87  , 0.8075]), array([0.6825, 0.6433, 0.74  , 0.6825]), array([0.815, 0.765, 0.91 , 0.815]), array([0.8325, 0.825 , 0.94  , 0.8325]), array([0.7275, 0.735 , 0.83  , 0.7275]), array([0.8625, 0.8467, 0.83  , 0.8625])]\n"
     ]
    }
   ],
   "source": [
    "###### print('points_list0',points_list0)\n",
    "print('points_list1',points_list1)\n",
    "\n",
    "print('------------------------')\n",
    "print('points_list2',points_list2)\n",
    "        "
   ]
  },
  {
   "cell_type": "code",
   "execution_count": 404,
   "metadata": {},
   "outputs": [
    {
     "name": "stdout",
     "output_type": "stream",
     "text": [
      "[array([0.615, 0.635, 0.64 , 0.615]), array([0.63 , 0.622, 0.58 , 0.63 ])]\n",
      "[array([0.86  , 0.8783, 0.92  , 0.86  ]), array([0.9275, 0.9167, 0.96  , 0.9275]), array([0.92  , 0.9017, 0.97  , 0.92  ]), array([0.905 , 0.9183, 0.95  , 0.905 ]), array([0.8825, 0.8967, 0.95  , 0.8825]), array([0.8675, 0.87  , 0.88  , 0.8675]), array([0.905, 0.88 , 0.88 , 0.905]), array([0.9075, 0.8783, 0.87  , 0.9075]), array([0.915, 0.895, 0.94 , 0.915])]\n",
      "[array([0.77  , 0.7617, 0.95  , 0.77  ]), array([0.8   , 0.7433, 0.84  , 0.8   ]), array([0.8125, 0.815 , 0.88  , 0.8125]), array([0.925 , 0.8867, 0.91  , 0.925 ]), array([0.855 , 0.8317, 0.83  , 0.855 ]), array([0.775 , 0.7583, 0.84  , 0.775 ]), array([0.715 , 0.6717, 0.69  , 0.715 ]), array([0.7925, 0.755 , 0.9   , 0.7925]), array([0.74 , 0.695, 0.74 , 0.74 ]), array([0.875 , 0.8067, 0.93  , 0.875 ]), array([0.8525, 0.85  , 0.84  , 0.8525]), array([0.81  , 0.7383, 0.8   , 0.81  ]), array([0.8875, 0.855 , 0.95  , 0.8875]), array([0.79  , 0.7717, 0.75  , 0.79  ]), array([0.88  , 0.8683, 0.95  , 0.88  ]), array([0.7775, 0.7183, 0.83  , 0.7775]), array([0.795, 0.785, 0.81 , 0.795]), array([0.84  , 0.8283, 0.83  , 0.84  ]), array([0.74 , 0.745, 0.7  , 0.74 ]), array([0.8375, 0.8017, 0.91  , 0.8375]), array([0.8175, 0.81  , 0.91  , 0.8175]), array([0.81  , 0.8517, 0.93  , 0.81  ]), array([0.8475, 0.8233, 0.92  , 0.8475]), array([0.895, 0.88 , 0.95 , 0.895]), array([0.8475, 0.8317, 0.79  , 0.8475]), array([0.9125, 0.9   , 0.98  , 0.9125]), array([0.7125, 0.6733, 0.63  , 0.7125]), array([0.77, 0.75, 0.85, 0.77]), array([0.74  , 0.6617, 0.73  , 0.74  ]), array([0.84  , 0.8583, 0.92  , 0.84  ]), array([0.745, 0.765, 0.8  , 0.745]), array([0.86  , 0.8817, 0.99  , 0.86  ]), array([0.8375, 0.8167, 0.86  , 0.8375]), array([0.77  , 0.7533, 0.77  , 0.77  ]), array([0.86 , 0.815, 0.81 , 0.86 ]), array([0.765 , 0.8033, 0.87  , 0.765 ]), array([0.83  , 0.7217, 0.79  , 0.83  ]), array([0.9225, 0.8533, 0.86  , 0.9225]), array([0.7 , 0.69, 0.54, 0.7 ]), array([0.8075, 0.77  , 0.8   , 0.8075]), array([0.805, 0.775, 0.87 , 0.805]), array([0.71  , 0.7117, 0.68  , 0.71  ]), array([0.8   , 0.8067, 0.83  , 0.8   ]), array([0.71  , 0.6667, 0.74  , 0.71  ]), array([0.7875, 0.7383, 0.82  , 0.7875]), array([0.8475, 0.8183, 0.83  , 0.8475]), array([0.7075, 0.67  , 0.67  , 0.7075]), array([0.815, 0.745, 0.69 , 0.815]), array([0.7475, 0.7167, 0.77  , 0.7475]), array([0.67 , 0.655, 0.72 , 0.67 ]), array([0.8075, 0.8217, 0.9   , 0.8075]), array([0.8725, 0.8567, 0.86  , 0.8725]), array([0.8075, 0.735 , 0.8   , 0.8075]), array([0.7625, 0.75  , 0.74  , 0.7625]), array([0.8925, 0.87  , 0.97  , 0.8925]), array([0.6825, 0.6883, 0.7   , 0.6825]), array([0.7425, 0.7467, 0.78  , 0.7425]), array([0.8425, 0.8467, 0.92  , 0.8425]), array([0.8275, 0.725 , 0.79  , 0.8275]), array([0.78  , 0.6783, 0.74  , 0.78  ]), array([0.7175, 0.7483, 0.76  , 0.7175]), array([0.9025, 0.825 , 0.78  , 0.9025]), array([0.86  , 0.8233, 0.79  , 0.86  ]), array([0.8725, 0.8533, 0.84  , 0.8725]), array([0.9  , 0.865, 0.9  , 0.9  ]), array([0.8175, 0.795 , 0.84  , 0.8175]), array([0.7475, 0.7383, 0.82  , 0.7475]), array([0.8525, 0.81  , 0.8   , 0.8525]), array([0.7725, 0.71  , 0.81  , 0.7725]), array([0.88 , 0.825, 0.85 , 0.88 ]), array([0.84  , 0.8117, 0.83  , 0.84  ]), array([0.795 , 0.7683, 0.85  , 0.795 ]), array([0.7875, 0.82  , 0.89  , 0.7875]), array([0.77  , 0.7733, 0.9   , 0.77  ]), array([0.86 , 0.795, 0.87 , 0.86 ]), array([0.8225, 0.8033, 0.92  , 0.8225]), array([0.7875, 0.7883, 0.87  , 0.7875]), array([0.7775, 0.7633, 0.86  , 0.7775]), array([0.7475, 0.6767, 0.6   , 0.7475]), array([0.8625, 0.8517, 0.91  , 0.8625]), array([0.8375, 0.77  , 0.8   , 0.8375]), array([0.82, 0.81, 0.9 , 0.82]), array([0.88  , 0.8133, 0.71  , 0.88  ]), array([0.8275, 0.8617, 0.94  , 0.8275]), array([0.8025, 0.7717, 0.86  , 0.8025]), array([0.69  , 0.6433, 0.7   , 0.69  ]), array([0.905 , 0.8917, 0.98  , 0.905 ]), array([0.8675, 0.81  , 0.92  , 0.8675]), array([0.72  , 0.7067, 0.68  , 0.72  ]), array([0.8625, 0.8583, 0.95  , 0.8625]), array([0.8225, 0.8133, 0.81  , 0.8225]), array([0.86  , 0.8567, 0.89  , 0.86  ]), array([0.8675, 0.8483, 0.87  , 0.8675]), array([0.915, 0.85 , 0.94 , 0.915]), array([0.79  , 0.7717, 0.88  , 0.79  ]), array([0.81  , 0.7433, 0.77  , 0.81  ]), array([0.8125, 0.8167, 0.9   , 0.8125]), array([0.7425, 0.7083, 0.72  , 0.7425]), array([0.8075, 0.775 , 0.87  , 0.8075]), array([0.6825, 0.6433, 0.74  , 0.6825]), array([0.815, 0.765, 0.91 , 0.815]), array([0.8325, 0.825 , 0.94  , 0.8325]), array([0.7275, 0.735 , 0.83  , 0.7275]), array([0.8625, 0.8467, 0.83  , 0.8625])]\n"
     ]
    }
   ],
   "source": [
    "points_list3=[]\n",
    "points_list3.append(points_list0 )\n",
    "points_list3.append(points_list1 )\n",
    "points_list3.append(points_list2 )\n",
    "\n",
    "#print(points_list3)\n",
    "for i in range(len(points_list3)):\n",
    "    print(points_list3[i])"
   ]
  },
  {
   "cell_type": "code",
   "execution_count": 405,
   "metadata": {},
   "outputs": [
    {
     "name": "stdout",
     "output_type": "stream",
     "text": [
      "DB value for k=3 is for 4 features  [4.29483902]\n"
     ]
    }
   ],
   "source": [
    "\n",
    "\n",
    "#------------------------- For k=3 DB index values------------------------\n",
    "\n",
    "\"\"\"\n",
    "def euc_dist(a, b, ax=1):\n",
    "    return np.linalg.norm(a - b, axis=ax)\n",
    "\n",
    "\"\"\"\n",
    "Si3_dist=[i for i in range(len(points_list3))]\n",
    "\n",
    "Si3_final=[]\n",
    "\n",
    "\n",
    "          \n",
    "for each in range(len(points_list3)):\n",
    "    #print(each)\n",
    "    \n",
    "    for si in points_list3[each]:\n",
    "        \n",
    "        Si3=euc_dist(si, [c_updated[each]]) \n",
    "        \n",
    "        Si3_dist.append(Si3)\n",
    "        #print(Si3_dist)\n",
    "    Si3_= (1/len(points_list3[each]))*np.sum(Si3_dist)\n",
    "    \n",
    "    Si3_final.append(Si3_)\n",
    "\n",
    "#print('Si3_dist',Si3_dist)\n",
    "#print('Si3_final',Si3_final)   \n",
    " \n",
    "\n",
    "C3_12=euc_dist(c_updated[0],[c_updated[1]])\n",
    "#print('C3_12',C3_12)\n",
    "C3_13=euc_dist(c_updated[0],[c_updated[2]])\n",
    "#print('C3_13',C3_13)\n",
    "C3_23=euc_dist(c_updated[1],[c_updated[2]])\n",
    "#print('C3_23',C3_23)\n",
    "\n",
    "\n",
    "\n",
    "\n",
    "R3_12= (Si3_final[0]+Si3_final[1])/C3_12 #(S_i+S_j)/M_ij\n",
    "R3_13= (Si3_final[0]+Si3_final[2])/C3_13 #(S_i+S_j)/M_ij\n",
    "R3_23= (Si3_final[1]+Si3_final[2])/C3_13 #(S_i+S_j)/M_ij\n",
    "\n",
    "max_C3_R1=max(R3_12,R3_13)\n",
    "max_C3_R2=max(R3_12,R3_23)\n",
    "max_C3_R3=max(R3_13,R3_23)\n",
    "\n",
    "\n",
    "D3_i=max(max_C3_R1,max_C3_R2,max_C3_R3)\n",
    "\n",
    "\n",
    "\n",
    "DB_3=(1/3)*(D3_i)\n",
    "        \n",
    "print('DB value for k=3 is for 4 features ',DB_3) \n",
    "\n"
   ]
  }
 ],
 "metadata": {
  "kernelspec": {
   "display_name": "Python 3",
