{
 "cells": [
  {
   "cell_type": "code",
   "execution_count": 108,
   "metadata": {},
   "outputs": [],
   "source": [
    "\n",
    "%matplotlib inline\n",
    "from copy import deepcopy\n",
    "import numpy as np\n",
    "from mpl_toolkits.mplot3d import Axes3D\n",
    "import pandas as pd\n",
    "from matplotlib import pyplot as plt\n",
    "plt.style.use('ggplot')\n",
    "%matplotlib inline\n",
    "from copy import deepcopy\n",
    "import numpy as np\n",
    "from mpl_toolkits.mplot3d import Axes3D\n",
    "import pandas as pd\n",
    "from matplotlib import pyplot as plt\n",
    "plt.rcParams['figure.figsize'] = (16, 9)\n",
    "plt.style.use('ggplot')\n",
    "from random import *\n",
    "\n",
    "import math\n",
    "\n",
    "\n"
   ]
  },
  {
   "cell_type": "code",
   "execution_count": 109,
   "metadata": {},
   "outputs": [
    {
     "name": "stdout",
     "output_type": "stream",
     "text": [
      "(115, 4)\n",
      "(115, 4)\n"
     ]
    }
   ],
   "source": [
    "# Importing the dataset\n",
    "\n",
    "file = pd.read_csv('BSOM_DataSet_revised.csv')\n",
    "data=file[['all_NBME_avg_n4', 'all_PIs_avg_n131', 'HD_final','all_irats_avg_n34']]\n",
    "\n",
    "X=np.array(data)\n",
    "print(data.shape)\n",
    "data.head()\n",
    "\n",
    "print(X.shape)\n",
    "\n"
   ]
  },
  {
   "cell_type": "code",
   "execution_count": 110,
   "metadata": {},
   "outputs": [
    {
     "name": "stdout",
     "output_type": "stream",
     "text": [
      "115\n"
     ]
    }
   ],
   "source": [
    "# Number of Clusters\n",
    "clusters = 3\n",
    "\n",
    "\n",
    "# Number of data points\n",
    "n = len(data)\n",
    "print(n)\n",
    "\n",
    "\n",
    "# Fuzzy parameter\n",
    "fuzzifier = 2.00\n"
   ]
  },
  {
   "cell_type": "code",
   "execution_count": 111,
   "metadata": {},
   "outputs": [
    {
     "name": "stdout",
     "output_type": "stream",
     "text": [
      "(array([0.75413466, 0.53698411, 0.66989515, 0.65316355]), array([0.62968249, 0.63969961, 0.86137732, 0.88822559]), array([0.79979085, 0.71599118, 0.86097702, 0.95418914]))\n"
     ]
    }
   ],
   "source": [
    "\n",
    "# random centroids generation\n",
    "C0 = np.random.uniform(0.4,1.0,size=4)\n",
    "C1 = np.random.uniform(0.6,1.0,size=4)\n",
    "C2 = np.random.uniform(0.7,1.0,size=4)\n",
    "\n",
    "Centroids=C0,C1,C2\n",
    "#Centroids = np.array(list(zip(C0,C1,C2)))\n",
    "print(Centroids)\n",
    "\n"
   ]
  },
  {
   "cell_type": "code",
   "execution_count": 112,
   "metadata": {},
   "outputs": [],
   "source": [
    "def euc_dist(a, b, ax=1):\n",
    "    return np.linalg.norm(a - b, axis=ax)"
   ]
  },
  {
   "cell_type": "code",
   "execution_count": 113,
   "metadata": {},
   "outputs": [],
   "source": [
    "# Euclidean Distance Caculator\n",
    "\n",
    "def dist(a,b):\n",
    "        sum = 0\n",
    "        for m in range(len(a)):\n",
    "            for n in range(len(b)):\n",
    "\n",
    "                sum  += ((a[m][n] - b[m][n]))**2\n",
    "\n",
    "        ed = math.sqrt(sum)\n",
    "        return ed"
   ]
  },
  {
   "cell_type": "code",
   "execution_count": 114,
   "metadata": {},
   "outputs": [
    {
     "name": "stdout",
     "output_type": "stream",
     "text": [
      "productSum_df_c0 [0.52820339 0.40792612 0.50830008 0.44252727]\n",
      "productSum_df_c0 [0.226325   0.1747885  0.21779681 0.18961443]\n",
      "productSum_df_c0 [0.35724231 0.27589461 0.343781   0.29929657]\n",
      "productSum_df_c0 [0.52820339 0.40792612 0.50830008 0.44252727]\n",
      "productSum_df_c0 [0.226325   0.1747885  0.21779681 0.18961443]\n",
      "productSum_df_c0 [0.35724231 0.27589461 0.343781   0.29929657]\n",
      "[array([0.52820339, 0.40792612, 0.50830008, 0.44252727]), array([0.226325  , 0.1747885 , 0.21779681, 0.18961443]), array([0.35724231, 0.27589461, 0.343781  , 0.29929657])]\n",
      "4.585973723508303e-16\n"
     ]
    }
   ],
   "source": [
    "total_weights=[]\n",
    "c_updated=[]\n",
    "error = 10\n",
    "c_old = Centroids\n",
    "\n",
    "while (error > 0.3):\n",
    "    \n",
    "    for i in range(n):\n",
    "        weights=[]# weights of points for all the clusters \n",
    "        for w in range(3):\n",
    "            w0=(euc_dist(X[[i]],Centroids[w])/euc_dist(X[[i]],Centroids[0]))**fuzzifier\n",
    "            #print('w0',w0)\n",
    "\n",
    "            w1=(euc_dist(X[[i]],Centroids[w])/euc_dist(X[[i]],Centroids[1]))**fuzzifier\n",
    "            #print('w1',w1)\n",
    "            w2=(euc_dist(X[[i]],Centroids[w])/euc_dist(X[[i]],Centroids[2]))**fuzzifier\n",
    "            #w3=(dist(X[[i]],Centroids[[w]])/dist(X[[i]],Centroids[[3]]))**fuzzifier\n",
    "            #print('w2',w2)\n",
    "            sum_val=w0+w1+w2\n",
    "                #print('sum_val',sum_val)\n",
    "\n",
    "                #print('sqr_sum',sqr_sum)\n",
    "            finl_weights=1/sum_val\n",
    "                #print('finl_weights',finl_weights)\n",
    "            #total_weights.append(finl_weights)\n",
    "            weights.append(finl_weights)\n",
    "        total_weights.append(weights)\n",
    "    #weights1_df=pd.DataFrame(total_weights)\n",
    "        \n",
    "        #print('total_weights',total_weights)\n",
    "\n",
    "    weights_df=pd.DataFrame(total_weights)\n",
    "    #print('weights_df',weights_df)\n",
    "\n",
    "    \n",
    "\n",
    "    #weights_df[0] = weights_df[0].str.get(0)\n",
    "    #weights_df[1] = weights_df[1].str.get(0)\n",
    "    #weights_df[2] = weights_df[2].str.get(0)\n",
    "\n",
    "\n",
    "    for l in range(clusters):\n",
    "        for v in range(n):# n = num of data points\n",
    "            product_c0=np.array(weights_df[[l]])*np.array(weights_df[[l]])*X[v]\n",
    "        product_c0_df=pd.DataFrame(product_c0)\n",
    "        #print('product_c0_df',product_c0_df)\n",
    "        productSum_df_c0=np.array(product_c0_df.sum(axis = 0))/np.sum(weights_df[l])\n",
    "        print('productSum_df_c0',productSum_df_c0)\n",
    "        #c_updated.append(productSum_df_c0)\n",
    "        if l==0:\n",
    "            c0=productSum_df_c0\n",
    "        if l==1:\n",
    "            c1=productSum_df_c0\n",
    "        if l==2:\n",
    "            c2=productSum_df_c0\n",
    "    c_updated =[c0,c1,c2] \n",
    "    #np.array(list(zip(c0,c1,c2)))\n",
    "    \n",
    "    \n",
    "    error = dist(c_old,c_updated)\n",
    "    c_old = c_updated\n",
    "    \n",
    "   \n",
    "    \n",
    "    \n",
    "\n",
    "\n",
    "\n",
    "print(c_old)\n",
    "\n",
    "print(error)\n"
   ]
  },
  {
   "cell_type": "code",
   "execution_count": 115,
   "metadata": {},
   "outputs": [
    {
     "name": "stdout",
     "output_type": "stream",
     "text": [
      "0      1\n",
      "1      0\n",
      "2      0\n",
      "3      2\n",
      "4      0\n",
      "5      0\n",
      "6      0\n",
      "7      0\n",
      "8      0\n",
      "9      2\n",
      "10     0\n",
      "11     0\n",
      "12     2\n",
      "13     0\n",
      "14     2\n",
      "15     0\n",
      "16     0\n",
      "17     2\n",
      "18     0\n",
      "19     0\n",
      "20     2\n",
      "21     0\n",
      "22     2\n",
      "23     2\n",
      "24     2\n",
      "25     0\n",
      "26     2\n",
      "27     2\n",
      "28     2\n",
      "29     0\n",
      "      ..\n",
      "200    2\n",
      "201    2\n",
      "202    0\n",
      "203    0\n",
      "204    0\n",
      "205    2\n",
      "206    0\n",
      "207    0\n",
      "208    0\n",
      "209    2\n",
      "210    0\n",
      "211    0\n",
      "212    2\n",
      "213    0\n",
      "214    0\n",
      "215    2\n",
      "216    0\n",
      "217    2\n",
      "218    2\n",
      "219    2\n",
      "220    0\n",
      "221    0\n",
      "222    0\n",
      "223    0\n",
      "224    0\n",
      "225    0\n",
      "226    0\n",
      "227    2\n",
      "228    0\n",
      "229    0\n",
      "Name: Labels, Length: 230, dtype: int64\n",
      "                         0                       1                       2  \\\n",
      "0    [0.21400734674839167]    [0.4218197886341512]    [0.3641728646174571]   \n",
      "1     [0.6032645356827462]   [0.21691196950003028]   [0.17982349481722354]   \n",
      "2     [0.3679148071666671]    [0.3136228120539394]   [0.31846238077939354]   \n",
      "3     [0.1706269180790783]   [0.23792870653284856]     [0.591444375388073]   \n",
      "4     [0.3725139398747812]   [0.26876130987329566]    [0.3587247502519232]   \n",
      "5      [0.540309493662704]    [0.2565541329504434]    [0.2031363733868527]   \n",
      "6     [0.9657420750313493]  [0.020710973568473807]  [0.013546951400176777]   \n",
      "7     [0.5040827323338061]    [0.2771669366999209]   [0.21875033096627297]   \n",
      "8     [0.8103247814125081]    [0.1097181903996408]    [0.0799570281878511]   \n",
      "9    [0.24964975673113696]    [0.2980738346584275]   [0.45227640861043544]   \n",
      "10    [0.4483329937778253]    [0.2573562943198686]   [0.29431071190230595]   \n",
      "11    [0.7463729913060607]   [0.13950832949921796]   [0.11411867919472124]   \n",
      "12   [0.13302859655660623]   [0.24367306796247012]    [0.6232983354809236]   \n",
      "13    [0.7547412399955518]   [0.13321852177933408]   [0.11204023822511423]   \n",
      "14   [0.15603775067151657]    [0.2702355241137895]    [0.5737267252146939]   \n",
      "15     [0.662815219250754]    [0.1906495637110257]   [0.14653521703822026]   \n",
      "16    [0.6774319715265058]    [0.1774532677513891]   [0.14511476072210508]   \n",
      "17    [0.2115858319265799]   [0.27277932541062977]    [0.5156348426627904]   \n",
      "18    [0.9017524147167114]   [0.05791858991412398]   [0.04032899536916467]   \n",
      "19    [0.3614970150904734]     [0.309700711499058]    [0.3288022734104687]   \n",
      "20    [0.3057777706317429]   [0.33338960867254663]   [0.36083262069571037]   \n",
      "21    [0.7670637129315927]   [0.14239401991409856]    [0.0905422671543088]   \n",
      "22   [0.23020634632711462]   [0.36079449100915517]    [0.4089991626637303]   \n",
      "23   [0.15169137994998472]   [0.28107727593183623]    [0.5672313441181792]   \n",
      "24   [0.18050377856569677]    [0.2733448123201539]    [0.5461514091141494]   \n",
      "25    [0.4803227371502482]   [0.23526795795534203]    [0.2844093048944097]   \n",
      "26   [0.11412351843769343]   [0.22482209324565725]    [0.6610543883166493]   \n",
      "27   [0.21981154023423727]   [0.29768125634433396]    [0.4825072034214287]   \n",
      "28   [0.15255348226849288]   [0.24563213381648608]    [0.6018143839150211]   \n",
      "29    [0.9487395034008721]  [0.030159603828448133]    [0.0211008927706798]   \n",
      "..                     ...                     ...                     ...   \n",
      "200    [0.258455098050014]   [0.28480800225786673]    [0.4567368996921194]   \n",
      "201   [0.3155878882977364]    [0.3354658721875003]    [0.3489462395147634]   \n",
      "202   [0.4815117425361425]   [0.28940332853085815]   [0.22908492893299945]   \n",
      "203  [0.41450879137658775]   [0.31986014171787014]   [0.26563106690554206]   \n",
      "204    [0.917376745665103]   [0.04628953642851596]   [0.03633371790638105]   \n",
      "205  [0.20557933661769584]   [0.29004839155907886]    [0.5043722718232253]   \n",
      "206   [0.5818492372536445]    [0.2068330414681004]   [0.21131772127825524]   \n",
      "207   [0.4321226951374531]   [0.30072729780508894]     [0.267150007057458]   \n",
      "208   [0.4885888867133208]   [0.21180444655628267]    [0.2996066667303966]   \n",
      "209   [0.2901735711464128]    [0.3367561613714616]   [0.37307026748212563]   \n",
      "210  [0.34447590972167375]    [0.3295089272405872]   [0.32601516303773903]   \n",
      "211   [0.9050678854976087]  [0.058239423311229194]  [0.036692691191162086]   \n",
      "212   [0.1739885477438167]   [0.27527490802182714]    [0.5507365442343563]   \n",
      "213   [0.4036949846284531]    [0.2852131849069743]    [0.3110918304645725]   \n",
      "214   [0.9222099867148085]   [0.04596406693356378]  [0.031825946351627686]   \n",
      "215  [0.13536034042841544]    [0.2639329579294647]    [0.6007067016421198]   \n",
      "216   [0.5457246064618675]   [0.23000409512539519]   [0.22427129841273732]   \n",
      "217  [0.34101732465259305]    [0.2928104816431359]   [0.36617219370427107]   \n",
      "218   [0.2688034516236115]    [0.2821624161144723]    [0.4490341322619162]   \n",
      "219   [0.2758106636780342]   [0.28586472766172427]   [0.43832460866024153]   \n",
      "220    [0.479215803861203]     [0.289377437490831]   [0.23140675864796598]   \n",
      "221   [0.7482123271683381]   [0.13465405029650054]   [0.11713362253516138]   \n",
      "222   [0.3834771996127022]    [0.3164227945100822]    [0.3001000058772156]   \n",
      "223  [0.44704901846088246]    [0.3281489649863282]   [0.22480201655278925]   \n",
      "224   [0.5510949290953484]    [0.2489330318518493]   [0.19997203905280228]   \n",
      "225   [0.8087713610702854]   [0.11689844189732136]   [0.07433019703239326]   \n",
      "226   [0.5489901886029344]   [0.24639984710039003]   [0.20460996429667558]   \n",
      "227   [0.2129076123157704]     [0.326209057243315]    [0.4608833304409146]   \n",
      "228   [0.6069823751220773]    [0.2381786834894506]   [0.15483894138847215]   \n",
      "229   [0.3743362020159152]     [0.264492055326543]    [0.3611717426575417]   \n",
      "\n",
      "     Labels  \n",
      "0         1  \n",
      "1         0  \n",
      "2         0  \n",
      "3         2  \n",
      "4         0  \n",
      "5         0  \n",
      "6         0  \n",
      "7         0  \n",
      "8         0  \n",
      "9         2  \n",
      "10        0  \n",
      "11        0  \n",
      "12        2  \n",
      "13        0  \n",
      "14        2  \n",
      "15        0  \n",
      "16        0  \n",
      "17        2  \n",
      "18        0  \n",
      "19        0  \n",
      "20        2  \n",
      "21        0  \n",
      "22        2  \n",
      "23        2  \n",
      "24        2  \n",
      "25        0  \n",
      "26        2  \n",
      "27        2  \n",
      "28        2  \n",
      "29        0  \n",
      "..      ...  \n",
      "200       2  \n",
      "201       2  \n",
      "202       0  \n",
      "203       0  \n",
      "204       0  \n",
      "205       2  \n",
      "206       0  \n",
      "207       0  \n",
      "208       0  \n",
      "209       2  \n",
      "210       0  \n",
      "211       0  \n",
      "212       2  \n",
      "213       0  \n",
      "214       0  \n",
      "215       2  \n",
      "216       0  \n",
      "217       2  \n",
      "218       2  \n",
      "219       2  \n",
      "220       0  \n",
      "221       0  \n",
      "222       0  \n",
      "223       0  \n",
      "224       0  \n",
      "225       0  \n",
      "226       0  \n",
      "227       2  \n",
      "228       0  \n",
      "229       0  \n",
      "\n",
      "[230 rows x 4 columns]\n"
     ]
    }
   ],
   "source": [
    "clust_labels=[]\n",
    "for i in range(len(weights_df)):\n",
    "    labels_val= np.argmax(np.array(weights_df.iloc[i,:]))\n",
    "    clust_labels.append(labels_val)\n",
    "weights_df['Labels']=clust_labels  \n",
    "\n",
    "print(weights_df['Labels'])\n",
    "\n",
    "print(weights_df)\n"
   ]
  },
  {
   "cell_type": "code",
   "execution_count": 116,
   "metadata": {},
   "outputs": [
    {
     "name": "stdout",
     "output_type": "stream",
     "text": [
      "points_list0 [array([0.8   , 0.6107, 0.84  , 0.6134]), array([0.8125, 0.6798, 0.88  , 0.6762]), array([0.855 , 0.6772, 0.83  , 0.7169]), array([0.775 , 0.6431, 0.84  , 0.6337]), array([0.715 , 0.5491, 0.69  , 0.6384]), array([0.7925, 0.5844, 0.9   , 0.615 ]), array([0.74  , 0.555 , 0.74  , 0.5212]), array([0.8525, 0.6467, 0.84  , 0.6878]), array([0.81  , 0.5585, 0.8   , 0.615 ]), array([0.79  , 0.6179, 0.75  , 0.6759]), array([0.7775, 0.5933, 0.83  , 0.5726]), array([0.795 , 0.6096, 0.81  , 0.6088]), array([0.74  , 0.5915, 0.7   , 0.6868]), array([0.8375, 0.653 , 0.91  , 0.674 ]), array([0.615 , 0.5038, 0.64  , 0.5312]), array([0.8475, 0.6588, 0.79  , 0.7109]), array([0.7125, 0.5423, 0.63  , 0.6189]), array([0.77  , 0.5578, 0.85  , 0.6152]), array([0.74  , 0.5248, 0.73  , 0.609 ]), array([0.745 , 0.6245, 0.8   , 0.6102]), array([0.8375, 0.6576, 0.86  , 0.6811]), array([0.77  , 0.6186, 0.77  , 0.6505]), array([0.86  , 0.6161, 0.81  , 0.7007]), array([0.765 , 0.6073, 0.87  , 0.6304]), array([0.83  , 0.5764, 0.79  , 0.6549]), array([0.7   , 0.5272, 0.54  , 0.6504]), array([0.8075, 0.6134, 0.8   , 0.661 ]), array([0.805 , 0.6529, 0.87  , 0.7169]), array([0.71  , 0.5136, 0.68  , 0.6427]), array([0.71  , 0.512 , 0.74  , 0.6469]), array([0.7875, 0.6463, 0.82  , 0.7116]), array([0.7075, 0.5545, 0.67  , 0.6729]), array([0.815 , 0.6551, 0.69  , 0.6059]), array([0.7475, 0.5793, 0.77  , 0.6579]), array([0.67  , 0.5471, 0.72  , 0.5275]), array([0.8075, 0.6321, 0.8   , 0.6151]), array([0.7625, 0.5984, 0.74  , 0.674 ]), array([0.63  , 0.4248, 0.58  , 0.4922]), array([0.6825, 0.5253, 0.7   , 0.5828]), array([0.7425, 0.5356, 0.78  , 0.6499]), array([0.8275, 0.5658, 0.79  , 0.6935]), array([0.78  , 0.5706, 0.74  , 0.6018]), array([0.7175, 0.609 , 0.76  , 0.6223]), array([0.9025, 0.686 , 0.78  , 0.7133]), array([0.8175, 0.6515, 0.84  , 0.7149]), array([0.7475, 0.5862, 0.82  , 0.6253]), array([0.7725, 0.5585, 0.81  , 0.6702]), array([0.795 , 0.6134, 0.85  , 0.7052]), array([0.77  , 0.5843, 0.9   , 0.5751]), array([0.7875, 0.6063, 0.87  , 0.6634]), array([0.7775, 0.6602, 0.86  , 0.6748]), array([0.7475, 0.5808, 0.6   , 0.6199]), array([0.8375, 0.6411, 0.8   , 0.6625]), array([0.82  , 0.5856, 0.9   , 0.6744]), array([0.88  , 0.7067, 0.71  , 0.7221]), array([0.8025, 0.6532, 0.86  , 0.7186]), array([0.69  , 0.5502, 0.7   , 0.6038]), array([0.8675, 0.6872, 0.92  , 0.6062]), array([0.72  , 0.5154, 0.68  , 0.5761]), array([0.8225, 0.6219, 0.81  , 0.6925]), array([0.79  , 0.6068, 0.88  , 0.6512]), array([0.81  , 0.6165, 0.77  , 0.6133]), array([0.8125, 0.65  , 0.9   , 0.6669]), array([0.7425, 0.5835, 0.72  , 0.8133]), array([0.8075, 0.5507, 0.87  , 0.6521]), array([0.6825, 0.5377, 0.74  , 0.5511]), array([0.815 , 0.5633, 0.91  , 0.5226]), array([0.7275, 0.6125, 0.83  , 0.6166]), array([0.8625, 0.6661, 0.83  , 0.7226])]\n",
      "69\n",
      "1\n",
      "45\n"
     ]
    }
   ],
   "source": [
    "#print(weights_df)\n",
    "points_list0=[]\n",
    "points_list1=[]\n",
    "points_list2=[]\n",
    "\n",
    "for i in range(len(weights_df[:-115])):\n",
    "    if (weights_df.iloc[i,-1]==0):\n",
    "        points_list0.append(X[i])\n",
    "    if (weights_df.iloc[i,-1]==1):\n",
    "        points_list1.append(X[i])\n",
    "    if (weights_df.iloc[i,-1]==2):\n",
    "        points_list2.append(X[i])\n",
    "\n",
    "print('points_list0',points_list0)\n",
    "print(len(points_list0))\n",
    "print(len(points_list1))\n",
    "print(len(points_list2))\n",
    "#print('points_list1',points_list1)\n",
    "#print('points_list2',points_list2)\n"
   ]
  },
  {
   "cell_type": "code",
   "execution_count": 117,
   "metadata": {},
   "outputs": [],
   "source": [
    "points_list3=[]\n",
    "points_list3.append(points_list0 )\n",
    "points_list3.append(points_list1 )\n",
    "points_list3.append(points_list2 )\n",
    "\n"
   ]
  },
  {
   "cell_type": "code",
   "execution_count": 118,
   "metadata": {},
   "outputs": [
    {
     "name": "stdout",
     "output_type": "stream",
     "text": [
      "DB value for k=3 is for 4 features  by using Fuzzy logic  is  [31.29248943]\n"
     ]
    }
   ],
   "source": [
    "\n",
    "\n",
    "#------------------------- For k=3 DB index values------------------------\n",
    "\n",
    "\"\"\"\n",
    "def euc_dist(a, b, ax=1):\n",
    "    return np.linalg.norm(a - b, axis=ax)\n",
    "\n",
    "\"\"\"\n",
    "Si3_dist=[i for i in range(len(points_list3))]\n",
    "\n",
    "Si3_final=[]\n",
    "\n",
    "\n",
    "          \n",
    "for each in range(len(points_list3)):\n",
    "    #print(each)\n",
    "    \n",
    "    for si in points_list3[each]:\n",
    "        \n",
    "        Si3=euc_dist(si, [c_updated[each]]) \n",
    "        \n",
    "        Si3_dist.append(Si3)\n",
    "        #print(Si3_dist)\n",
    "    Si3_= (1/len(points_list3[each]))*np.sum(Si3_dist)\n",
    "    \n",
    "    Si3_final.append(Si3_)\n",
    "\n",
    "#print('Si3_dist',Si3_dist)\n",
    "#print('Si3_final',Si3_final)   \n",
    " \n",
    "\n",
    "C3_12=euc_dist(c_updated[0],[c_updated[1]])\n",
    "#print('C3_12',C3_12)\n",
    "C3_13=euc_dist(c_updated[0],[c_updated[2]])\n",
    "#print('C3_13',C3_13)\n",
    "C3_23=euc_dist(c_updated[1],[c_updated[2]])\n",
    "#print('C3_23',C3_23)\n",
    "\n",
    "\n",
    "\n",
    "\n",
    "R3_12= (Si3_final[0]+Si3_final[1])/C3_12 #(S_i+S_j)/M_ij\n",
    "R3_13= (Si3_final[0]+Si3_final[2])/C3_13 #(S_i+S_j)/M_ij\n",
    "R3_23= (Si3_final[1]+Si3_final[2])/C3_13 #(S_i+S_j)/M_ij\n",
    "\n",
    "max_C3_R1=max(R3_12,R3_13)\n",
    "max_C3_R2=max(R3_12,R3_23)\n",
    "max_C3_R3=max(R3_13,R3_23)\n",
    "\n",
    "\n",
    "D3_i=max(max_C3_R1,max_C3_R2,max_C3_R3)\n",
    "\n",
    "\n",
    "\n",
    "DB_4=(1/4)*(D3_i)\n",
    "        \n",
    "print('DB value for k=3 is for 4 features  by using Fuzzy logic  is ',DB_4) \n",
    "\n"
   ]
  }
 ],
 "metadata": {
  "kernelspec": {
   "display_name": "Python 3",
   "language": "python",
   "name": "python3"
  },
  "language_info": {
   "codemirror_mode": {
    "name": "ipython",
    "version": 3
   },
   "file_extension": ".py",
   "mimetype": "text/x-python",
   "name": "python",
   "nbconvert_exporter": "python",
   "pygments_lexer": "ipython3",
   "version": "3.7.0"
  }
 },
 "nbformat": 4,
 "nbformat_minor": 2
}
